11,148
11,147
11,146
11,145
11,144
11,143
11,142
11,141
11,140
11,139
11,138
11,137
11,136
11,135
11,134
11,133
11,132
11,131
11,130
11,129
11,128
11,127
11,126
11,125
11,124
11,123
11,122
11,121
11,120
11,119
11,118
11,117
11,116
11,115
11,114
11,113
11,112
11,111
11,110
11,109
11,108
11,107
11,106
11,105
11,104
11,103
11,102
11,101
11,100
11,99
11,98
11,97
11,96
11,95
11,94
11,93
11,92
11,91
11,90
11,89
11,88
11,87
11,86
11,85
11,84
11,83
11,82
11,81
11,80
11,79
11,78
11,77
11,76
11,75
11,74
11,73
11,72
11,71
11,70
11,69
11,68
11,67
11,66
11,65
11,64
11,35
11,34
11,33
11,32
11,31
11,30
11,29
11,28
11,27
11,26
11,25
11,24
11,23
11,22
11,21
11,20
11,19
11,18
11,17
11,16
11,15
11,14
11,13
11,12
11,11
11,10
11,9
11,8
11,7
11,6
11,5
11,4
11,3
11,2
11,1
11,0
10,3
10,2
10,1
10,0
9,3
9,2
9,1
9,0
8,3
8,2
8,1
8,0
7,4
7,3
7,2
7,1
7,0
6,3
6,2
6,1
6,0
5,19
5,18
5,17
5,16
5,15
5,14
5,13
5,12
5,11
5,10
5,9
5,8
5,7
5,6
5,5
5,4
5,3
5,2
5,1
5,0
4,3
2,3
1,3
0,324
0,243
0,9
0,0
0,1
0,300
0,299
0,298
11,149
11,150
11,152
11,153
11,155
11,156
11,158
11,160
11,161
11,163
11,164
11,166
11,168
11,169
11,171
11,172
11,174
11,175
11,177
11,179
11,180
11,182
11,183
11,185
11,187
11,188
11,190
11,191
11,193
11,194
11,196
11,198
11,199
11,201
11,202
11,204
11,206
11,207
11,209
11,210
11,212
11,213
11,215
11,217
11,218
11,220
11,221
11,223
11,225
11,226
11,228
11,229
11,231
11,233
11,234
11,236
11,237
11,239
11,240
11,242
11,244
11,245
11,247
11,248
11,250
11,252
11,253
11,255
11,256
11,258
11,259
11,261
11,263
11,264
11,266
11,267
11,269
11,271
11,272
11,274
11,275
11,277
11,278
11,280
11,282
11,283
11,285
11,286
11,288
11,290
11,291
11,293
11,294
11,296
11,298
11,299
11,301
11,302
11,304
11,305
11,307
11,309
11,310
11,312
11,313
11,315
11,317
11,318
11,320
11,321
11,323
11,324
11,326
11,328
11,329
11,331
11,332
11,334
11,336
11,337
11,339
11,340
11,342
11,343
11,345
11,347
11,348
11,350
11,351
11,353
11,355
11,356
11,358
11,359
11,361
11,362
11,364
11,366
11,367
11,369
11,370
11,372
11,374
11,375
11,377
11,378
11,380
11,382
11,383
11,385
11,386
11,388
11,389
11,391
11,393
11,394
11,396
11,397
11,399
11,401
11,402
11,404
11,405
11,407
11,408
11,410
11,412
11,413
11,415
11,416
11,418
11,420
11,421
11,423
11,424
11,426
11,427
11,429
11,431
11,432
11,434
11,435
11,437
11,439
11,440
11,442
11,443
11,445
11,447
11,448
11,450
11,451
11,453
11,454
11,456
11,458
11,459
11,461
11,462
11,464
11,466
11,467
11,469
11,470
11,472
11,473
11,475
11,477
11,478
11,480
11,481
11,483
11,485
11,486
12,0
12,1
12,3
13,0
13,2
13,4
14,0
14,2
14,3
15,1
15,3
16,0
16,2
16,3
17,0
17,1
17,3
17,5
17,6
17,8
17,9
17,11
17,13
17,14
17,16
17,17
17,19
17,21
17,22
17,24
17,25
18,0
18,1
18,3
19,1
19,2
19,4
19,5
19,7
19,9
19,10
19,12
19,13
19,15
19,16
20,0
20,2
20,3
21,1
21,2
21,3
21,0
20,1
19,17
19,14
19,11
19,8
19,6
19,3
19,0
18,2
17,26
17,23
17,20
17,18
17,15
17,12
17,10
17,7
17,4
17,2
16,4
16,1
15,2
15,0
14,1
13,3
13,1
12,2
11,487
11,484
11,482
11,479
11,476
11,474
11,471
11,468
11,465
11,463
11,460
11,457
11,455
11,452
11,449
11,446
11,444
11,441
11,438
11,436
11,433
11,430
11,428
11,425
11,422
11,419
11,417
11,414
11,411
11,409
11,406
11,403
11,400
11,398
11,395
11,392
11,390
11,387
11,384
11,381
11,379
11,376
11,373
11,371
11,368
11,365
11,363
11,360
11,357
11,354
11,352
11,349
11,346
11,344
11,341
11,338
11,335
11,333
11,330
11,327
11,325
11,322
11,319
11,316
11,314
11,311
11,308
11,306
11,303
11,300
11,297
11,295
11,292
11,289
11,287
11,284
11,281
11,279
11,276
11,273
11,270
11,268
11,265
11,262
11,260
11,257
11,254
11,251
11,249
11,246
11,243
11,241
11,238
11,235
11,232
11,230
11,227
11,224
11,222
11,219
11,216
11,214
11,211
11,208
11,205
11,203
11,200
11,197
11,195
11,192
11,189
11,186
11,184
11,181
11,178
11,176
11,173
11,170
11,167
11,165
11,162
11,159
11,157
11,154
11,151
0,297
0,296
0,295
0,294
0,293
0,292
0,291
0,290
0,289
0,288
0,287
0,286
0,285
0,284
0,283
0,282
0,281
0,280
0,279
0,278
0,277
0,276
0,275
0,274
0,273
0,272
0,271
0,270
0,269
0,268
0,267
0,266
0,265
0,264
0,263
0,262
0,261
0,260
0,259
0,258
0,375
0,257
0,374
0,256
0,255
0,373
0,254
0,372
0,253
0,371
0,252
0,370
0,251
0,250
0,369
0,249
0,368
0,248
0,367
0,247
0,366
0,246
0,245
0,365
0,244
0,364
0,242
0,241
0,363
0,240
0,362
0,239
0,361
0,238
0,360
0,237
0,236
0,359
0,235
0,358
0,234
0,233
0,357
0,232
0,356
0,231
0,355
0,230
0,229
0,354
0,228
0,353
0,227
0,352
0,226
0,225
0,351
0,224
0,350
0,223
0,349
0,222
0,348
0,221
0,220
0,347
0,219
0,346
0,218
0,345
0,217
0,216
0,344
0,215
0,343
0,214
0,342
0,213
0,341
0,212
0,340
0,211
0,339
0,210
0,338
0,209
0,337
0,208
0,336
0,207
0,335
0,206
0,334
0,205
0,204
0,333
0,203
0,332
0,202
0,331
0,201
0,330
0,200
0,199
0,329
0,198
0,328
0,197
0,327
0,196
0,326
0,195
0,194
0,325
0,193
0,323
0,192
0,322
0,63
0,62
0,321
0,61
0,320
0,60
0,319
0,59
0,318
0,58
0,57
0,317
0,56
0,316
0,55
0,315
0,54
0,53
0,314
0,52
0,313
0,51
0,312
0,50
0,311
0,49
0,310
0,48
0,309
0,47
0,308
0,46
0,307
0,45
0,301
0,6
0,5
0,304
0,303
0,306
0,305
0,302
0,12
0,10
0,8
0,11
0,4
0,2
0,3
0,7
